
333333333333333333333333333333333333333333333333333333
333333333333333333333333333333333333333333333333333333
333333333333333333333333333333333333333333333333333333
333333333333333333333333333333333333333333333333333333
333333333333333333333333333333333333333333333333333333
333333333333333333333333333333333333333333333333333333
333333333333333333333333333333333333333333333333333333
333333333333333333333333333333333333333333333333333333
333333333333333333333333333333333333333333333333333333
333333333333333333333333333333333333333333333333333333
333333333333333333333333333333333333333333333333333333
444444444444444444444444444444444444443333333333333333
444444444444444444444444444444444444443333333333333333
444444444444444444444444444444444444443333333333333333
444444444444444444444444444444444444443333333333333333
444444444444444444444444444444444444443333333333333333
444444444444444444444444444444444444444444443333333333
444444444444444444444444444444444444444444443333333333
444444444444444444444444444444444444444444443333333333
444444444444444444444444444444444444444444443333333333
444444444444444444444444444444444444444444443333333333
444444444444444444444444444444444444444444443333333333
444444444444444444444444444444444444444444443333333333
444444444444444444444444444444444444444444443333333333
444444444444444444444444444444444444444444443333333333
444444444444444444444444444444444444444444444444433333
444444444444444444444444444444444444444444444444433333
444444444444444444444444444444444444444444444444433333
444444444444444444444444444444444444444444444444433333
444444444444444444444444444444444444444444444444444444
444444444444444444444444444444444444444444444444444444
444444444444444444444444444444444444444444444444444444
444444444444444444444444444444444444444444444444444444
555555555555555555555555555555555554444444444444444444
555555555555555555555555555555555554444444444444444444
555555555555555555555555555555555554444444444444444444
555555555555555555555555555555555554444444444444444444
555555555555555555555555555555555554444444444444444444
555555555555555555555555555555555554444444444444444444
555555555555555555555555555555555554444444444444444444
555555555555555555555555555555555554444444444444444444
555555555555555555555555555555555554444444444444444444
666666666666666665555555555555555554444444444444444444
666666666666666665555555555555555554444444444444444444
666666666666666665555555555555555554444444444444444444
666666666666666665555555555555555554444444444444444444
666666666666666665555555555555555554444444444444444444
666666666666666665555555555555555554444444444444444444
666666666666666665555555555555555554444444444444444444
666666666666666665555555555555555554444444444444444444
666666666666666665555555555555555554444444444444444444
666666666666666665555555555555555554444444444444444444
666666666666666665555555555555555554444444444444444444
666666666666666665555555555555555554444444444444444444