555555666666666666666666666666666666666666666666666666
555555666666666666666666666666666666666666666666666666
555555666666666666666666666666666666666666666666666666
555555666666666666666666666666666666666666666666666666
555555666666666666666666666666666666666666666666666666
555555666666666666666666666666666666666666666666666666
555555666666666666666666666666666666666666666666666666
555555666666666666666666666666666666666666666666666666
555555666666666666666666666666666666666666666666666666
555555666666666666666666666666666666666666666666666666
555555666666666666666666666666666666666666666666666666
555555666666666666666666666666666666666666666666666666
555555666666666666666666666666666666666666666666666666
555555666666666666666666666666666666666666666666666666
555555666666666666666666666666666666666666666666666666
555555666666666666666666666666666666666666666666666666
555555666666666666666666666666666666666666666666666666
555555666666666666666666666666666666666666666666666666
555555666666666666666666666666666666666666666666666666
555555666666666666666666666666666666666666666666666666
555555666666666666666666666666666666666666666666666666
555555666666666666666666666666666666666666666666666666
555555666666666666666666666666666666666666666666666666
555555555555555566666666666666666666666666666666666666
555555555555555566666666666666666666666666666666666666
444445555555555566666666666666666666666666666666666666
444445555555555566666666666666666666666666666666666666
444445555555555555555555555555555555555555555555555555
444445555555555555555555555555555555555555555555555555
444444444455555555555555555555555555555555555555555555
444444444455555555555555555555555555555555555555555555
444444444455555555555555555555555555555555555555555555
444444444455555555555555555555555555555555555555555555
444444444455555555555555555555555555555555555555555555
444444444455555555555555555555555555555555555555555555
444444444455555555555555555555555555555555555555555555
444444444455555555555555555555555555555555555555555555
444444444455555555555555555555555555555555555555555555
444444444444444455555555555555555555555555555555555555
444444444444444455555555555555555555555555555555555555
444444444444444455555555555555555555555555555555555555
444444444444444455555555555555555555555555555555555555
444444444444444455555555555555555555555555555555555555
444444444444444444444444444444444444444444444444444444
444444444444444444444444444444444444444444444444444444
444444444444444444444444444444444444444444444444444444
444444444444444444444444444444444444444444444444444444
444444444444444444444444444444444444444444444444444444
444444444444444444444444444444444444444444444444444444
444444444444444444444444444444444444444444444444444444
444444444444444444444444444444444444444444444444444444
444444444444444444444444444444444444444444444444444444
444444444444444444444444444444444444444444444444444444
444444444444444444444444444444444444444444444444444444
