444444444444444444455555555555555555566666666666666666
444444444444444444455555555555555555566666666666666666
444444444444444444455555555555555555566666666666666666
444444444444444444455555555555555555566666666666666666
444444444444444444455555555555555555566666666666666666
444444444444444444455555555555555555566666666666666666
444444444444444444455555555555555555566666666666666666
444444444444444444455555555555555555566666666666666666
444444444444444444455555555555555555566666666666666666
444444444444444444455555555555555555566666666666666666
444444444444444444455555555555555555566666666666666666
444444444444444444455555555555555555566666666666666666
444444444444444444455555555555555555555555555555555555
444444444444444444455555555555555555555555555555555555
444444444444444444455555555555555555555555555555555555
444444444444444444455555555555555555555555555555555555
444444444444444444455555555555555555555555555555555555
444444444444444444455555555555555555555555555555555555
444444444444444444455555555555555555555555555555555555
444444444444444444455555555555555555555555555555555555
444444444444444444455555555555555555555555555555555555
444444444444444444444444444444444444444444444444444444
444444444444444444444444444444444444444444444444444444
444444444444444444444444444444444444444444444444444444
444444444444444444444444444444444444444444444444444444
333334444444444444444444444444444444444444444444444444
333334444444444444444444444444444444444444444444444444
333334444444444444444444444444444444444444444444444444
333334444444444444444444444444444444444444444444444444
333333333344444444444444444444444444444444444444444444
333333333344444444444444444444444444444444444444444444
333333333344444444444444444444444444444444444444444444
333333333344444444444444444444444444444444444444444444
333333333344444444444444444444444444444444444444444444
333333333344444444444444444444444444444444444444444444
333333333344444444444444444444444444444444444444444444
333333333344444444444444444444444444444444444444444444
333333333344444444444444444444444444444444444444444444
333333333333333344444444444444444444444444444444444444
333333333333333344444444444444444444444444444444444444
333333333333333344444444444444444444444444444444444444
333333333333333344444444444444444444444444444444444444
333333333333333344444444444444444444444444444444444444
333333333333333333333333333333333333333333333333333333
333333333333333333333333333333333333333333333333333333
333333333333333333333333333333333333333333333333333333
333333333333333333333333333333333333333333333333333333
333333333333333333333333333333333333333333333333333333
333333333333333333333333333333333333333333333333333333
333333333333333333333333333333333333333333333333333333
333333333333333333333333333333333333333333333333333333
333333333333333333333333333333333333333333333333333333
333333333333333333333333333333333333333333333333333333
333333333333333333333333333333333333333333333333333333
