555555555555666667777777777777777777777666666666666666
555555555555666667777777777777777777777776666666666666
555555555555666667777777777777777777777777766666666666
555555555556666677777777777777777777777777776666666666
555555555556666667777777777777777777777777777666666666
555555555556666677777777777777777777777777777766666666
555555555566666677777777777777777777777777777766666666
555555555566666677777777777777777777777777777776666666
555555555566666677777777777777777777777777777776666666
555555555566666677777777777777777777777777777777666666
555555555666666677777777777777777777777777777777666666
555555555666666677777777777777777777777777777777666666
555555555666666677777777777777777777777777777777766666
555555556666666677777777777777777777777777777777766666
555555556666666677777777777777777777777777777777766666
555555556666666677777777777777777777777777777777766666
555555556666666677777777777777777777777777777777776666
555555556666666677777777777777777777777777777777776666
555555556666666677777777777777777777777777777777776666
555555566666666677777777777777777777777777777777776666
555555566666666677777777777777777777777777777777776666
555555566666666677777777777777777777777777777777776666
555555566666666677777777777777777777777777777777776666
555555566666666677777777777777777777777777777777776666
555555566666666677777777777777777777777777777777776666
555555566666666677777777777777777777777777777777776666
555555566666666677777777777777777777777777777777776666
555555566666666777777777777777777777777777777777776666
555555566666666777777777777777777777777777777777776666
555555566666666777777777777777777777777777777777776666
555555566666666777777777777777777777777777777777776666
555555566666666777777777777777777777777777777777776666
555555566666666777777777777777777777777777777777776666
555555566666666777777777777777777777777777777777776666
555555566666666777777777777777777777777777777777766666
555555566666666777777777777777777777777777777777766666
555555566666666777777777777777777777777777777777766666
555555566666666777777777777777777777777777777777766666
555555566666666777777777777777777777777777777777666666
555555556666666777777777777777777777777777777777666666
555555556666666777777777777777777777777777777776666666
555555556666666777777777777777777777777777777776666666
555555556666666777777777777777777777777777777766666666
555555556666666777777777777777777777777777777666666666
555555555666666777777777777777777777777777777666666666
555555555666666777777777777777777777777777776666666666
555555555666666777777777777777777777777777666666666666
555555555566666777777777777777777777777776666666666666
555555555566666677777777777777777777777666666666666666
555555555556666677777777777777777777766666666666666666
555555555556666677777777777777777776666666666666666666
555555555556666677777777777777777766666666666666666666
555555555555666677777777777777777666666666666666666666
555555555555666677777777777777776666666666666666666666
