0.170426
0.138214
0.136778
0.137589
0.211687
0.212881
0.200104
0.192015
0.101031
0.121200
0.115817
0.113276
0.114682
0.120970
0.104834
0.119322
0.110154
0.110767
0.114670
0.118511
0.119197
0.121676
0.118735
0.116108
0.111931
0.120218
0.112873
0.115440
0.110931
0.120353
0.112958
0.140539
0.158899
0.156132
0.155396
0.155023
0.162699
0.141453
0.155481
0.153470
0.146307
0.159605
0.154916
0.162063
0.160341
0.162408
0.152988
0.156969
0.152861
0.150365
0.151440
0.152117
0.160710
0.153480
0.110765
0.126891
0.120393
0.122551
0.123886
0.096280
0.118671
0.121819
0.110725
0.129004
0.116513
0.123281
0.121270
0.106942
0.126217
0.128099
0.124390
0.113833
0.110394
0.105518
0.127895
0.107184
0.111867
0.126633
0.120520
0.125699
0.116442
0.118104
0.125941
0.104669
0.114924
0.132578
0.159960
0.156251
0.152103
0.154648
0.111697
0.160797
0.152373
0.138906
0.150742
0.155062
0.157477
0.148358
0.141417
0.157068
0.151805
0.154487
0.145672
0.126318
0.145303
0.154243
0.141423
0.143702
0.155477
0.156907
0.157106
0.145593
0.156632
0.152684
0.140451
0.138716
0.103862
0.122809
0.109961
0.094691
0.108136
0.111776
0.120812
0.121345
0.103977
0.118265
0.104713
0.111707
0.116584
0.118723
0.101805
0.104715
0.119463
0.118643
0.128845
0.100666
0.123351
0.115991
0.141011
0.128974
0.119066
0.117241
0.135232
0.147481
0.123795
0.129295
0.125193
0.129635
0.121916
0.133983
0.123539
0.117174
0.132128
0.139090
0.138043
0.139598
0.122006
0.080780
0.082851
0.079305
0.081227
0.078686
0.082381
0.084186
0.081469
0.089094
0.075486
0.083165
0.081927
0.082240
0.068423
0.085190
0.084948
0.089169
0.088179
0.087332
0.084424
0.080044
0.082863
0.080624
0.070434
0.085142
0.085964
0.076190
0.087358
0.089679
0.084597
0.078071
0.088509
0.082968
0.092121
0.077230
0.087479
0.075000
0.085396
0.089106
0.088864
0.081001
0.080211
0.086904
0.079551
0.077837
0.077607
0.091264
0.074421
0.090494
0.088516
0.076470
0.075538
0.092861
0.088749
0.086253
0.084994
0.083688
0.088009
0.091496
0.083968
0.083645
0.075522
0.084111
0.078592
0.084391
0.090296
0.082308
0.086037
0.074925
0.080862
0.079771
0.078101
0.084730
0.088225
0.076827
0.083809
0.085325
0.089820
0.086053
0.079318
0.076984
0.081965
0.090782
0.084716
0.080269
0.084303
0.094608
0.092131
0.082201
0.088360
0.085603
0.087685
0.086830
0.080858
0.084744
0.090645
0.089020
0.076730
0.079501
0.084367
0.090197
0.079572
0.079824
0.079777
0.088187
0.085242
0.086535
0.076182
0.080294
0.090425
0.088122
0.076458
0.080695
0.089086
0.085097
0.083530
0.080798
0.079814
0.081439
0.083474
0.085823
0.081076
0.081558
0.073790
0.080479
0.080433
0.074016
0.073288
0.087513
0.081483
0.079180
0.079598
0.081820
0.085041
0.087358
0.086158
0.081003
0.079543
0.086329
0.084432
0.084892
0.077843
0.074810
0.074238
0.084797
0.081635
0.072144
0.072759
0.074524
0.072372
0.069164
0.071392
0.074405
0.071059
0.073794
0.073820
0.078692
0.076165
0.073612
0.067740
0.070825
0.071642
0.078483
0.077914
0.078013
0.071432
0.071501
0.072525
0.069319
0.065578
0.071707
0.078581
0.073850
0.077172
0.078241
0.074078
0.071957
0.075581
0.074038
0.073003
0.074066
0.077202
0.072725
0.075347
0.075948
0.072765
0.070702
0.073332
0.074480
0.076795
0.069771
0.077023
0.071828
0.072919
0.075722
0.074901
0.074308
0.072049
0.074348
0.074949
0.076809
0.073066
0.076847
0.076468
0.080649
0.070190
0.075304
0.075720
0.074885
0.073009
0.072451
0.075994
0.077105
0.074278
0.071787
0.069494
0.074556
0.073681
0.079969
0.074369
0.077622
0.071894
0.078035
0.069837
0.076291
0.071388
0.069424
0.068508
0.077509
0.078003
0.073030
0.074409
0.074941
0.080175
0.076504
0.074199
0.074738
0.076280
0.073334
0.075072
0.075504
0.075534
0.076079
0.067958
0.072882
0.075169
0.075020
0.075643
0.072941
0.069968
0.076488
0.075302
0.073132
0.071848
0.075325
0.073429
0.075936
0.074290
0.069061
0.076585
0.074836
0.076240
0.075185
0.072459
0.073542
0.073983
0.076601
0.074490
0.071836
0.072717
0.070674
0.071947
0.068954
0.067851
0.075318
0.074348
0.071047
0.071168
0.069712
0.076014
0.074635
0.073471
0.073429
0.070210
0.071991
0.073378
0.074633
0.066667
0.070565
0.069289
0.073943
0.077987
0.056467
0.044092
0.051552
0.034172
0.053192
0.060901
0.024573
0.041878
0.042580
0.029754
0.041953
0.037361
0.049693
0.042519
0.046799
0.045605
0.022641
0.065923
0.042203
0.043542
0.052201
0.046498
0.053276
0.047648
0.029464
0.025489
0.038145
0.053163
0.044123
0.050459
0.067548
0.038157
0.048245
0.053298
0.049261
0.038339
0.045095
0.041572
0.044344
0.045823
0.067133
0.060528
0.053611
0.033414
0.057503
0.045284
0.058737
0.051298
0.051292
0.042796
0.042989
0.047849
0.030952
0.012655
0.074637
0.048243
0.036308
0.052137
0.043076
0.042842
0.038530
0.043788
0.057433
0.048811
0.058022
0.039736
0.058487
0.031008
0.047789
0.027300
0.041759
0.056584
0.029347
0.042604
0.035316
0.046466
0.048842
0.053218
0.039621
0.058867
0.057255
0.050806
0.044385
0.028836
0.051832
0.052244
0.031521
0.030530
0.068067
0.043221
0.046531
0.036308
0.038807
0.057431
0.042646
0.033521
0.045766
0.057689
0.056969
0.044395
0.029871
0.041689
0.046266
0.039184
0.046520
0.047105
0.047422
0.045036
0.062950
0.034800
0.043756
0.054767
0.049935
0.047015
0.035788
0.055218
0.051887
0.046083
0.035653
0.053666
0.048505
0.050663
0.038448
0.022724
0.046446
0.037454
0.044835
0.056874
0.046730
0.062131
0.057068
0.047517
0.040838
0.047616
0.050844
0.047819
0.066963
0.043957
0.060794
0.051274
0.040840
0.053307
0.051677
0.041396
0.044457
0.046964
0.026257
0.050463
0.049025
0.053298
0.047745
0.063075
0.031771
0.035604
0.039972
0.061432
0.040622
0.032835
0.053117
0.069476
0.037137
0.019535
0.033241
0.033372
0.029278
0.042905
0.048444
0.059841
0.067530
0.042995
0.047388
0.064225
0.070539
0.051558
0.050169
0.029966
0.035142
0.049945
0.032662
0.049919
0.063057
0.059580
0.059645
0.047702
0.044687
0.039291
0.068026
0.047376
0.038726
0.052891
0.048281
0.042435
0.041271
0.030258
0.045565
0.045058
0.028687
0.022425
0.061016
0.044683
0.024712
0.044465
0.050197
0.028951
0.040412
0.033505
0.077438
0.050493
0.051348
0.039904
0.057945
0.052835
0.032281
0.041598
0.046950
0.057090
0.038869
0.034828
0.061367
0.020017
0.064396
0.056196
0.047807
0.062472
0.062218
0.063158
0.032493
0.034195
0.033715
0.036675
0.047968
0.064493
0.053454
0.063045
0.042576
0.045214
0.042721
0.020023
0.048525
0.037016
0.066929
0.041779
0.045667
0.051076
0.052006
0.047134
0.055446
0.046077
0.033519
0.043897
0.041293
0.031095
0.055493
0.046347
0.031678
0.048418
0.050390
0.044413
0.050713
0.012784
0.035760
0.052853
0.045569
0.021181
0.038678
0.034804
0.042907
0.056422
0.046946
0.024059
0.043959
0.060442
0.056981
0.031960
0.032755
0.048380
0.052587
0.031821
0.050737
0.039884
0.048803
0.069053
0.042243
0.059877
0.062650
0.053889
0.050384
0.054573
0.053859
0.059711
0.015375
0.042858
0.041927
0.043469
0.055368
0.041606
0.050669
0.063438
0.021935
0.033158
0.052464
0.055769
0.052833
0.037244
0.059794
0.039876
0.059270
0.047315
0.038750
0.031988
0.045431
0.060643
0.052974
0.059586
0.044899
0.059034
0.031369
0.043673
0.035278
0.062970
0.037881
0.039720
0.067425
0.040686
0.048652
0.031333
0.051772
0.054861
0.047067
0.056444
0.060843
0.045885
0.022990
0.020762
0.028030
0.030421
0.060708
0.054609
0.044935
0.049902
0.038085
0.059943
0.050120
0.060629
0.057269
0.018745
0.037087
0.034501
0.027979
0.052143
0.037790
0.025751
0.048366
0.037395
0.054775
0.049324
0.032158
0.038857
0.031008
0.059104
0.054375
0.049634
0.045091
0.048668
0.055648
0.045940
0.029500
0.061728
0.066467
0.032636
0.055753
0.053101
0.050572
0.056031
0.060734
0.061722
0.044641
0.069746
0.028842
0.037282
0.033067
0.047424
0.029651
0.041084
0.048842
0.036540
0.039694
0.055464
0.030770
0.053585
0.038934
0.054563
0.039083
0.053833
0.055666
0.059788
0.053555
0.049279
0.061222
0.050719
0.062109
0.071959
0.046718
0.052270
0.034995
0.036532
0.055767
0.042421
0.035247
0.036070
0.038633
0.057021
0.051211
0.047277
0.043858
0.053954
0.068795
0.045621
0.049193
0.058594
0.052528
0.053405
0.030508
0.023660
0.070059
0.063035
0.073253
0.053714
0.030978
0.030321
0.048235
0.028669
0.068996
0.046393
0.047513
0.062724
0.041384
0.044546
0.058937
0.040267
0.056989
0.039152
0.057340
0.068571
0.020213
0.058588
0.029960
0.063723
0.035340
0.055253
0.056812
0.043808
0.063424
0.047087
0.036776
0.055551
0.049289
0.043721
0.035130
0.043024
0.035195
0.032605
0.042731
0.057943
0.047486
0.038194
0.036959
0.053984
0.042878
0.036231
0.064967
0.035265
0.063918
0.071083
0.043852
0.047533
0.040854
0.047156
0.040114
0.063307
0.060155
0.029000
0.049239
0.046859
0.053782
0.062632
0.043721
0.058679
0.023942
0.055077
0.063410
0.054164
0.058723
0.036225
0.024638
0.056017
0.050955
0.039898
0.054698
0.056011
0.054571
0.047775
0.065786
0.036953
0.058479
0.068141
0.054722
0.035112
0.015583
0.046496
0.052302
0.047926
0.035211
0.059344
0.056965
0.046539
0.066143
0.044669
0.045173
0.057459
0.059276
0.056892
0.034796
0.030460
0.022407
0.043381
0.066742
0.046992
0.056680
0.055821
0.055007
0.052292
0.042237
0.031730
0.041870
0.053688
0.046004
0.025694
0.043020
0.054482
0.038946
0.026632
0.043272
0.051776
0.021197
0.069335
0.036586
0.056717
0.057247
0.034658
0.046133
0.055946
0.040414
0.048747
0.046934
0.054198
0.053063
0.059230
0.036048
0.055801
0.044468
0.052294
0.050812
0.048003
0.054367
0.053496
0.057231
0.031817
0.053629
0.050503
0.056402
0.041916
0.059375
0.047236
0.030325
0.069763
0.060250
0.062499
0.059038
0.045841
0.060214
0.065707
0.053091
0.052583
0.057146
0.034116
0.033233
0.035072
0.033898
0.034737
0.046184
0.022780
0.032555
0.036356
0.029034
0.021413
0.035524
0.039644
0.033027
0.041945
0.028487
0.023555
0.038728
0.033707
0.028600
0.037762
0.033440
0.041578
0.037351
0.020810
0.024002
0.017198
0.044427
0.037931
0.035860
0.054262
0.029262
0.036867
0.050312
0.036790
0.026277
0.033005
0.038676
0.024993
0.041717
0.047981
0.047894
0.047287
0.028631
0.043344
0.032630
0.045942
0.038694
0.040214
0.030034
0.028683
0.041120
0.031648
0.006038
0.047805
0.040275
0.028489
0.034011
0.026761
0.031871
0.031464
0.033834
0.040589
0.041160
0.037300
0.035106
0.053645
0.020721
0.034765
0.022115
0.038633
0.045250
0.023006
0.030107
0.020332
0.043725
0.027324
0.042677
0.037530
0.041479
0.042697
0.039908
0.043026
0.022940
0.034689
0.051262
0.023710
0.025444
0.039400
0.033739
0.026904
0.025969
0.025188
0.047426
0.028562
0.029580
0.029905
0.050185
0.031053
0.036116
0.019197
0.024250
0.037169
0.020741
0.038385
0.036449
0.035558
0.029593
0.052540
0.035074
0.030099
0.041487
0.040805
0.036784
0.027479
0.036383
0.046430
0.040529
0.022157
0.047654
0.031420
0.033136
0.030550
0.018323
0.034828
0.026439
0.036371
0.039999
0.035830
0.048035
0.047283
0.043576
0.029835
0.035064
0.041477
0.037000
0.058177
0.041761
0.043266
0.035679
0.042269
0.032148
0.039101
0.037542
0.031293
0.044871
0.019779
0.027919
0.038371
0.034715
0.036816
0.045169
0.031599
0.026090
0.026844
0.046819
0.024765
0.029714
0.042048
0.057086
0.033049
0.015450
0.025485
0.026253
0.017025
0.041721
0.030421
0.048541
0.045928
0.032559
0.035735
0.043251
0.056348
0.044056
0.044568
0.020270
0.025932
0.035866
0.029084
0.037619
0.046601
0.048824
0.053155
0.031948
0.032999
0.035292
0.049255
0.045393
0.023764
0.048658
0.030155
0.037349
0.024658
0.021401
0.037927
0.031188
0.024615
0.011025
0.047212
0.035497
0.013978
0.035812
0.037657
0.019640
0.028863
0.029115
0.052611
0.034751
0.037064
0.036203
0.035403
0.043302
0.024158
0.034769
0.033225
0.035739
0.039660
0.019937
0.050378
0.019412
0.042334
0.043794
0.034146
0.046662
0.047515
0.051163
0.023682
0.022851
0.034358
0.026681
0.038942
0.040936
0.043011
0.055870
0.030345
0.032805
0.031204
0.017920
0.034880
0.033303
0.053030
0.035511
0.035624
0.040640
0.040702
0.033809
0.043028
0.038655
0.029520
0.028961
0.030010
0.035885
0.039880
0.033013
0.020981
0.032551
0.032138
0.023666
0.038426
0.016379
0.021391
0.053075
0.036913
0.017688
0.029744
0.036496
0.022667
0.044161
0.038415
0.019761
0.028260
0.045139
0.043867
0.030583
0.017720
0.037337
0.043931
0.019058
0.045099
0.028425
0.027066
0.053264
0.035768
0.041424
0.057294
0.049892
0.037425
0.039238
0.041908
0.046561
0.022159
0.032242
0.021038
0.040311
0.033158
0.029310
0.045714
0.044546
0.030101
0.024609
0.033412
0.049316
0.041086
0.029022
0.038799
0.041370
0.044026
0.040604
0.028907
0.022893
0.025715
0.059740
0.033852
0.043237
0.031089
0.040644
0.027933
0.025940
0.029956
0.044121
0.036123
0.037877
0.042568
0.036379
0.028064
0.025253
0.031744
0.040075
0.038516
0.035310
0.049545
0.034213
0.021163
0.014798
0.016904
0.024057
0.045976
0.042782
0.033523
0.049806
0.033344
0.047531
0.034350
0.047954
0.037976
0.014861
0.024863
0.019935
0.029324
0.031228
0.029621
0.016819
0.035401
0.025235
0.047622
0.036423
0.027017
0.030286
0.028786
0.041763
0.050288
0.035155
0.039406
0.041061
0.061000
0.029145
0.026578
0.036548
0.047174
0.030700
0.035471
0.044187
0.038274
0.044736
0.037456
0.051401
0.033767
0.049201
0.026620
0.022294
0.028526
0.037810
0.024940
0.039498
0.028865
0.028046
0.030208
0.042187
0.024248
0.035945
0.036016
0.036363
0.033838
0.034943
0.038129
0.063521
0.037875
0.036274
0.044215
0.041180
0.043076
0.053252
0.037978
0.032539
0.026834
0.026685
0.051853
0.027915
0.023615
0.035157
0.027798
0.039746
0.038912
0.038976
0.039621
0.029820
0.050203
0.043683
0.037250
0.043990
0.045803
0.048378
0.019505
0.022601
0.048745
0.046329
0.055493
0.038462
0.028502
0.024751
0.025521
0.028800
0.049326
0.039978
0.034729
0.040454
0.037274
0.039184
0.044835
0.036756
0.036203
0.037310
0.038813
0.045274
0.017281
0.048477
0.021288
0.039305
0.033261
0.041404
0.039271
0.027759
0.046557
0.038752
0.027556
0.043455
0.044296
0.028366
0.027189
0.025702
0.028318
0.037377
0.030450
0.042907
0.034473
0.027705
0.027394
0.038165
0.032894
0.026858
0.049122
0.031599
0.041999
0.053347
0.035401
0.031335
0.027707
0.042213
0.022631
0.039511
0.047932
0.029143
0.033221
0.032616
0.050953
0.041727
0.033267
0.041624
0.025345
0.033951
0.050628
0.042290
0.045105
0.022234
0.019072
0.042790
0.045397
0.032434
0.048223
0.046847
0.046577
0.040979
0.036469
0.029578
0.041045
0.051342
0.043441
0.025142
0.018850
0.035334
0.032261
0.044286
0.028986
0.033551
0.041348
0.038966
0.036502
0.044107
0.030002
0.040821
0.048821
0.056225
0.021500
0.024611
0.021125
0.026531
0.053716
0.041059
0.046103
0.035655
0.040543
0.045546
0.034546
0.021135
0.035247
0.029578
0.042540
0.023087
0.031325
0.032674
0.030502
0.023458
0.024555
0.036982
0.017376
0.054275
0.030809
0.034312
0.047180
0.034513
0.036887
0.034713
0.029853
0.036235
0.032807
0.046206
0.034995
0.040523
0.021966
0.041568
0.035453
0.041128
0.035019
0.037294
0.045996
0.038117
0.042743
0.029895
0.037623
0.046879
0.034017
0.033094
0.046928
0.031996
0.031105
0.045764
0.054170
0.051909
0.049763
0.031888
0.046742
0.045258
0.038718
0.035874
0.039611
0.048882
0.145698
0.162217
0.126143
